$ANSIBLE_VAULT;1.1;AES256
62653364633738383666323237386238663032323434313336316232396664663965613664316264
6461373966306332343436663163306235356564303163330a326366373531303436333039313334
63333634346530336661373166386434646232636136363135326465653465316335386338653933
3935303562343830380a343865393031636465386134343335343032663530633138613461613338
61623032633438313563333138333732663032393362303830613865373036393438656365383038
36663364333063633766303530383161313364303732383334663665326661303335383962333265
32333634313133633162613761303939333032633561373835356630623862396331313661313732
34343335393762623465376337316534343839376464336334656336366633656361643430646530
34316166666135363631306663626265373739393761393139643161373732663035343765303138
64316235636434646364383663656234666531303738326266336663373439623463303662646234
38646663313936313137663766653665623835316531383935633934613135656662626364636537
33633731336238363963613335656232336432373261626266653334343464313435623266303065
35333136373837663737666336383163653435353336666466396637356437663539343964343461
32353139653136366463353339336332373330363939326632653736346665306130363836626131
37396464313638646164363236613066393730386333396336353963613436343736383035373230
31343964613836623932333131393136366138363361343032323436316164353263656365666463
36323163396132323136633132623034626335343334333036336364306562346435636661376631
34333030366561646465313564316333623338633032316464336136636264313133623464396632
39336665663737376461643137643537636430343036623039313061383834386131396464636235
65336130396639633262363965633232303965373165643561623134303931613636316134333439
30333861616563386336303138343738313861366338396435323266383736316331653762383936
32646462383833613363653232663034346564393636313537623461666331373464623664623664
63663534373031646462333336646230633130343830313937343365643366646165653636343161
38303266643066316431623536623763363765643031346536333632363530363064303839633730
33373739316338336365623731376633306436373133336638373033616162363734393065316232
62313935323435323734353462313264626361393062653866386233306438666665653035353537
37626261323437663432363363326263616662616462313261396338633636383961633664313737
32653163323063616563653536336331306633636162366664663339386438303165306332306562
30656136653333323737663262393432633737303362663763303730306361623234363461636163
36373364336662333264353461343231663065393937643132663861376435366464343365323836
39633333313431363032653063643463383537393330613563653263346261613865653033646435
62623035363864643862396635366365303030363737663662303639393236363163613763656666
37306565396563636535343030366333623666666132383432373531396230663034306238356239
37353332623538373834386636346233383132633866383936326631636631326639323136303566
63383832346134633363663762313232363763313531353864343233623933356130373637356336
61396339633864313665383534643736303332653063613030663135616639636636323534303461
39353931343061333136653737353231626563326130646263646632663764346437616634306466
62653330316664326664303062616339653236356330613331306437383564313431653934613931
36393336353635323632366166356231383265633531333333343434343739353733346164356265
66326261366535393335323064323561363238666138653135653330353861333930653161303030
34643364623538303535623630393763363361366531613665303963663566316666373262303766
34333038363666333465326632343232626265656133653062376138656136346538333435626137
63336535333965343733366266623561336338343433613039313561613330313465376338333339
64613231363561366238373864306432313934363564393164323139636139663164303565663830
61316562303030313933313932343863636538376363623661623665333436616162333064356234
66656233393039306335666333393435353036646232343162623230396133323632643334356531
32643438386635666334313136633238383761613963653637343535656165626234616437363436
62643262663866386663303365633266383761353038396132613965303938316138386465393436
61353364333361306661396435373137623266366138653130386365363732383763346132376637
62656332616331643362653735663339376133353234373333303934646230376662363036376163
63306465373137633733633837306262343162303234306637386139336533326331663733383232
39333865363837366331623330343166633039383535356536393064366333393930316562643530
64383163336231373333636339323035336565343137356562663037616264346134363465303436
31646133633665343336636166636563666364303730663735616335356466373732366436373763
30303434313833643263343463353732643264353163646463623261623833303662653964336439
64633264306235323236353361643864323438383431303964343535626232383431383233643930
33323139316339633662383365323239313533386333346361313930396130633863396631613433
37613735356432373137633162393165333764646633336631633865316334363862353162663361
39623762653635623464653162333039643634363031393538613861663261643730303239663839
38656463366530313333616530383461383966636463303130386432326639373130666530643030
65353664616235613932666130626133626164323162306234393262656531316666636264393136
64633732323163306536323236616538633732626536363466663237623831653730643630336238
35663033663762383934323036323435353766396563646231636430373533326532343665663538
62333763633237333165393832393830346336666133326662313031623039353864643463363031
38323864386563636439646262613031636336366537623462363464396333613531336234316435
38346564393664666332613665666134643831386466306431306232626338623332353837303933
64303563396238636633653638316339626466333365613666356137393636376638656262653965
38373930356338653937643238663562383935306239353038316465376264376434626666343266
36653236666633353236393437316566386630323966336261323738346561323462666235636565
65373533633065386539643461656531336232633061393033323437653430643238663639626265
61303332333838386561616662356464383738366566353866376431333832613934656130636138
30353637313562383137363065316361653061303238633934383636386266333631366233653039
61636238656235663438333064366335316561373834353362613065313666353964646436663561
63393361353966646430353436353836626264316166396665363735393361373961386363316161
63626130303431616262303138616633653761373062393438333362333534643535373432306539
61656532643266353234623136353665396335396164646566643136336161383138633566343432
61376537323934623437633833636166333864313766663532646335353338663232323931313739
34303165333038636163653138333537353335666363303533393037313166623732633333613132
37656266633461363130346134343938653662613030303663353362633163306639353964343262
32336465636331343562353033326661303730346666303562646166333765363566623764343739
62373535653536393562333330383562613430373336363131323065353435363334383233353766
30353434616637383731383631363239316361653432323261383733663166363335353064626633
62323233303530396434376462613665353161396537623536366330396438373630366133346137
66643230313532373738383639366132353863613536333261313435613833663738303833663864
33626532623738353939643364333261656230656135636231393633643833343535656239626230
39666666626435343764336663343630363730393934326266643836646530393066346235363635
38393039363839346532633431366165336462626534373432366636653961623830316163396237
64393434316330643631356564393162613661663064666564666561666532363163633763386133
62303033316239343533326336323366396562623134373862343235383666366330633936376537
61646261656238616332303538323561313632313363373135333739613764326263643836633661
30376534356539333963346564393039663030363930653465393734623237343463313134646331
37386334333534616637333334306536656133353839313935306534646431363532306531613466
37646235393638633836663731656262383830343863356665633230326264396434643836663131
36326435393936393563346237666636623266396166393732333130623335383565656131376533
37383966386266336165636435303662343137396664393064383131356663386434613362386138
34323965336566663933613533396333666533353066653161663835653766346437326565303566
64356439306663623337326665623530366333363066303037313839653536323438326130623362
39333732623361346136313730633731663561643766616439656565306135353832663232313131
38663433306164633863626663333366633231383264376431646234663431653637653664656564
31386133616361393264383262306464363230373837616634303036313133353431653635353639
32313139316163653330333161346632333036613330396337353432353731333930656539393765
65346662306234386263653865363065393834353264633265393738333066336635353137646237
36376134356661316137616361333730623766326633366162643635383837326233633866366431
36643035323037616464636337363338646661396530623265663464663930303161366565313434
61393665363730336536653439336130316262323635346265353733346332643862363665363962
65663261386362623233373565613033353033326462633534313938386632613362376430633365
62353531356164633965313464326639336364373164303866396630623133663531666337353830
64626163306463616637333165383566366238623034393833343338666335363164653266356362
33653037656162353862323637666437333634366631653235356633383332393536343638376339
36333663303562636432316639393265333365383463366538613335616339336339386336396361
63613535366233316437646333663339366337633432373137386564646336316237343661363065
63366435306339393762313439646162303237393433393864356234663461613431303462363835
30343735616361626535306331336235336430626364623630633461613834653433336662363661
36666631643861376234643961303539326234393331656536643734316335613262643530643761
32653531653034353237323934363265373133653866346663356564336432613834333634636531
65626336386432643061373236393361306465316636353862663165393939333466396631383030
62303662303632626336663362396236383436343234303961636463323431353332303664303032
64336536316566396661643162323064633334333330333236323234376130383666366137626365
31313565323237343639386332363339633164393335373865316464623535393431633335396139
34646163383233396131643933373366326562373866623735346336323239373638383938643533
31386638393734306162303365633062353834306536636336613366313832326263336136303532
30663631356235333866653461643436323532653064363062643335303138353033386539383538
33393064636531623065303862376632316662633462356530373932373334363236666331353766
65386364316562663662663032383133376665626361323434386637316266363166653465656338
35616663303131353733386162316234666662636339653631353334633665643933316131353837
30323633623562663739653563363130363533646161646563616331303664643164343231363736
30313363613161653261616565326635383763636166363765303938616365626463303164373431
66663031353533653066303034356536373464323232653537626337323137366232656533373834
62356231633233306434663131623438636637356235646262323532323831313230346434613830
66616130336363323663376130356339346132353136656563653265353533356366306537343235
38313432383562653662656133613034393964386666393039316564383863616432383533653963
31376530356230356639613335303865656562336230663235373961653737643830313132306235
39333734313863613165666666306230383161383264623332306534396466626633333039663739
39323632393534323064386236623366303833383335663566386362343833386464386334306332
30663036636661626162393261613533353735363361326136663364303134656665393966663064
66333863303664636566306531316537636664343265666434316639313134623038326539616434
36396337316136393439666236303733613561663234393966323437343533343464396139623565
36656433636430613463633931653865633334616464386437626164643365383764343565346431
32363339333037306231373765616631316133303138326338656332656261323638336263383131
61393036383766386265633132343635333539376230626563393938616432663934363431333532
66373335363032383538323934646461646331326563343264383461333330623365663331663939
63633063343961373632306133653337633336393133633732346133303831313864323332383035
65623963336538386139666431663233383930636134323230613166646538343963313733303331
36336164343933346332376531383535376238653035356565363532316535303637376566303430
37313130303130653732386132383562626266313338303363316262353136346331613736326337
66393438306163636466333466306638653832643038613431663966376538346634396134393665
31383531353062393962313764326365366239373237646565663936316430393533376631636631
66633532316139366434643932333065633037306666343731383733323765323866353561663733
63326135323131323530663330646264393965346139313730326362303635386236323636626530
64346432353062393136396366613038633332373738336437613031643736613139663137373836
36353537323239656362383664383034353164323166323835363231326230373332316234313631
33313534356662333065353838656361323862633861616334376230353837326365343033313564
31383862666261613066616233353739353161343933346664636338353632303463616231376234
35666363666337353766383837663433666632613736383665373135316638626565643063643738
66653561626238653735336462636436383030613564663664393636353536643033316239346333
31613330366638313033383639366561656632356239623437383633663238343638353063356161
63383235386433306163643634636433336263323131366264636334333363363436376665653631
30326561656562666266396263303132653963386632616666363435336531396538343133656139
63383163646533373533343430326331336465343539383033366636343966363333636536643065
66353266333731636563363037336330343730393835636438633963393833646266393335376331
61616661316631356433633433323265373062393232373430613564643235303539333639346635
34376539356663346332353261333639303432616438343161326433336637363335323065626436
38643563346639356536336662363934633639333661663830656562313031383166336433373730
65366666336666633366333235396563656539346236333035386466376431353330303637306531
34616539366262363737346635643061613761386532343565326237623464343737383332613264
3231646334613566376231376231623631383235323035363366
